-87.648131,41.846901,0.000000
-87.646533,41.847678,0.000000
-87.645784,41.847974,0.000000
-87.645139,41.848182,0.000000
-87.644391,41.848366,0.000000
-87.643509,41.848598,0.000000
-87.642819,41.848812,0.000000
-87.641224,41.849578,0.000000
-87.640608,41.849948,0.000000
-87.640316,41.850168,0.000000
-87.640146,41.850298,0.000000
-87.638907,41.851670,0.000000
-87.638004,41.852682,0.000000
-87.636562,41.854319,0.000000
-87.635947,41.854951,0.000000
-87.635249,41.855535,0.000000
-87.633979,41.856569,0.000000
-87.633575,41.856838,0.000000
-87.633052,41.857109,0.000000
-87.632511,41.857320,0.000000
-87.631978,41.857462,0.000000
-87.631585,41.857545,0.000000
-87.631301,41.857591,0.000000
-87.630755,41.857635,0.000000
-87.627827,41.857686,0.000000
-87.627412,41.857724,0.000000
-87.627268,41.857752,0.000000
-87.627128,41.857792,0.000000
-87.626990,41.857836,0.000000
-87.626820,41.857911,0.000000
-87.626692,41.857984,0.000000
-87.626599,41.858065,0.000000
-87.626548,41.858122,0.000000
-87.626470,41.858244,0.000000
-87.626456,41.858389,0.000000
-87.626418,41.858759,0.000000
